27,49
27,48
27,47
27,46
27,45
27,44
27,43
27,42
27,41
27,40
27,39
27,38
27,37
27,36
27,35
49,116
49,115
49,114
49,113
49,112
49,111
49,110
49,109
49,108
49,107
49,106
49,105
49,104
49,103
49,102
49,101
49,100
49,99
49,98
49,97
49,96
49,95
49,94
49,93
49,92
49,91
49,90
49,89
49,88
49,87
49,86
49,85
49,84
49,83
49,82
49,81
49,80
49,79
49,78
49,77
49,76
49,75
49,74
49,73
49,72
49,71
49,70
49,69
49,68
49,67
49,66
49,65
49,64
49,37
49,36
49,35
49,34
49,33
49,32
49,31
49,30
49,29
49,28
49,27
49,26
49,25
49,24
49,23
49,22
49,21
49,20
49,19
49,18
49,17
49,16
49,15
49,14
49,13
49,12
49,11
49,10
49,9
49,8
49,7
49,6
0,499
0,498
0,497
0,496
0,495
0,494
0,493
0,492
0,491
0,490
0,489
0,488
0,487
0,486
49,5
49,4
49,3
49,2
0,485
0,484
49,1
49,0
0,483
0,482
0,481
0,480
0,479
0,478
48,4
48,3
48,2
48,1
48,0
0,477
0,476
0,475
0,474
0,473
0,472
0,471
0,470
0,469
47,5
47,4
47,3
47,2
47,1
47,0
0,468
0,467
0,466
0,465
